! Fri, 27 Aug 2021 17:52:53 +0000
! pybdsim.Builder Lattice, using pybdsim version 2.2.0 
! BEAM DEFINITION

beam,	X0=0.0,
	Xp0=0.0, 
	Y0=0.0, 
	Yp0=0.0, 
	alfx=150, 
	alfy=150, 
	betx=2250, 
	bety=2250, 
	dispx=0.1337, 
	dispxp=0.0121997, 
	dispy=0.1337, 
	dispyp=0.0121997, 
	distrType="gausstwiss", 
	emitx=5e-10, 
	emity=5e-10, 
	energy=50*GeV, 
	particle="e-", 
	sigmaE=0.00028;