! Wed, 08 Sep 2021 09:52:26 +0000
! pybdsim.Builder Lattice, using pybdsim version 2.2.0 
! BEAM DEFINITION

beam,	X0=0.0,
	Xp0=0.0, 
	Y0=0.0, 
	Yp0=0.0, 
	alfx=-0.035622, 
	alfy=99.948526, 
	betx=0.09051, 
	bety=4881.193917, 
	dispx=0.1337, 
	dispxp=0.0121997, 
	dispy=0.1337, 
	dispyp=0.0121997, 
	distrType="gausstwiss", 
	emitx=5e-10, 
	emity=5e-10, 
	energy=50*GeV, 
	particle="e-", 
	sigmaE=0.00028;